# SNID:                      ZTF18aagrtxs             
# SPECTRUM_ID:               1
# SPECTRUM_MJD:              58205.25
# SPECTRUM_TELESCOPE:        P60
# SPECTRUM_INSTRUMENT:       SEDM
# SPECTRUM_TEXPOSE:          2400.0  
# SPECTRUM_STAT_SNR:         -9.00   
# SPECTRUM_SYS_SNR:          200.00  
# SPECTRUM_VEXP:             1.534e-03
# SPECTRUM_NLAM:             208   
# SPECTRUM_OBSERVERS:        SEDM robot                                        
# SPECTRUM_INFILE:           ZTF18aagrtxs_58205.25_SEDM.ascii
# -------------------------------------- #
#   WAVE     FLUX        FLUX_STATERR  FLUX_SYSERR 
    3813.40  1.01320e-16 -9.90000e+01  1.17029e-17
    3828.40 -2.25280e-17 -9.90000e+01  1.21317e-17
    3843.40 -5.88420e-17 -9.90000e+01  1.24626e-17
    3858.40 -1.21620e-16 -9.90000e+01  1.26888e-17
    3873.30  5.17160e-16 -9.90000e+01  1.28206e-17
    3888.20  8.35170e-16 -9.90000e+01  1.28891e-17
    3903.10  9.91020e-16 -9.90000e+01  1.29361e-17
    3918.00  1.31810e-15 -9.90000e+01  1.30063e-17
    3932.90  1.63670e-15 -9.90000e+01  1.31347e-17
    3947.80  1.56320e-15 -9.90000e+01  1.33375e-17
    3962.70  1.48140e-15 -9.90000e+01  1.36088e-17
    3977.60  1.64200e-15 -9.90000e+01  1.39240e-17
    3992.40  1.54790e-15 -9.90000e+01  1.42444e-17
    4007.30  1.79910e-15 -9.90000e+01  1.45332e-17
    4022.20  1.91890e-15 -9.90000e+01  1.47480e-17
    4037.10  1.87250e-15 -9.90000e+01  1.48533e-17
    4052.00  2.04850e-15 -9.90000e+01  1.48227e-17
    4066.90  2.03190e-15 -9.90000e+01  1.46428e-17
    4081.80  1.74580e-15 -9.90000e+01  1.43170e-17
    4096.70  1.86200e-15 -9.90000e+01  1.38674e-17
    4111.70  1.86880e-15 -9.90000e+01  1.33293e-17
    4126.60  1.88770e-15 -9.90000e+01  1.27722e-17
    4141.60  2.16230e-15 -9.90000e+01  1.22146e-17
    4156.60  2.23640e-15 -9.90000e+01  1.17524e-17
    4171.60  2.14180e-15 -9.90000e+01  1.13880e-17
    4186.70  2.11700e-15 -9.90000e+01  1.11634e-17
    4201.80  2.10240e-15 -9.90000e+01  1.10585e-17
    4216.90  1.98980e-15 -9.90000e+01  1.10535e-17
    4232.00  1.72350e-15 -9.90000e+01  1.11129e-17
    4247.20  1.74010e-15 -9.90000e+01  1.12149e-17
    4262.40  1.78860e-15 -9.90000e+01  1.13044e-17
    4277.70  1.73690e-15 -9.90000e+01  1.13453e-17
    4293.00  1.45360e-15 -9.90000e+01  1.13700e-17
    4308.30  1.42440e-15 -9.90000e+01  1.12951e-17
    4323.70  1.40680e-15 -9.90000e+01  1.11651e-17
    4339.10  1.36540e-15 -9.90000e+01  1.09656e-17
    4354.60  1.12270e-15 -9.90000e+01  1.06881e-17
    4370.10  1.11230e-15 -9.90000e+01  1.03402e-17
    4385.70  1.21400e-15 -9.90000e+01  9.92502e-18
    4401.30  1.16830e-15 -9.90000e+01  9.44579e-18
    4417.00  1.21180e-15 -9.90000e+01  8.90729e-18
    4432.80  1.15700e-15 -9.90000e+01  8.33717e-18
    4448.60  1.21480e-15 -9.90000e+01  7.76864e-18
    4464.50  1.30700e-15 -9.90000e+01  7.17981e-18
    4480.40  1.28650e-15 -9.90000e+01  6.59693e-18
    4496.40  1.15990e-15 -9.90000e+01  6.04583e-18
    4512.50  1.10740e-15 -9.90000e+01  5.53700e-18
    4528.60  1.14820e-15 -9.90000e+01  5.74100e-18
    4544.80  1.20840e-15 -9.90000e+01  6.04200e-18
    4561.10  1.24090e-15 -9.90000e+01  6.20450e-18
    4577.50  1.26750e-15 -9.90000e+01  6.33750e-18
    4593.90  1.35300e-15 -9.90000e+01  6.76500e-18
    4610.40  1.37920e-15 -9.90000e+01  6.89600e-18
    4627.00  1.35350e-15 -9.90000e+01  6.76750e-18
    4643.70  1.28430e-15 -9.90000e+01  6.42150e-18
    4660.50  1.22080e-15 -9.90000e+01  6.10400e-18
    4677.30  1.20810e-15 -9.90000e+01  6.04050e-18
    4694.30  1.22720e-15 -9.90000e+01  6.13600e-18
    4711.30  1.23180e-15 -9.90000e+01  6.15900e-18
    4728.50  1.13150e-15 -9.90000e+01  5.65750e-18
    4745.70  1.03180e-15 -9.90000e+01  5.15900e-18
    4763.00  1.03990e-15 -9.90000e+01  5.19950e-18
    4780.40  1.02590e-15 -9.90000e+01  5.12950e-18
    4797.90  9.87600e-16 -9.90000e+01  4.93800e-18
    4815.60  9.69930e-16 -9.90000e+01  4.84965e-18
    4833.30  9.19970e-16 -9.90000e+01  4.59985e-18
    4851.10  8.96660e-16 -9.90000e+01  4.48330e-18
    4869.10  9.12470e-16 -9.90000e+01  4.56235e-18
    4887.10  9.37070e-16 -9.90000e+01  4.68535e-18
    4905.30  8.92770e-16 -9.90000e+01  4.46385e-18
    4923.50  8.20740e-16 -9.90000e+01  4.10370e-18
    4941.90  7.65700e-16 -9.90000e+01  3.82850e-18
    4960.40  7.85160e-16 -9.90000e+01  3.92580e-18
    4979.00  7.88450e-16 -9.90000e+01  3.94225e-18
    4997.80  8.35140e-16 -9.90000e+01  4.17570e-18
    5016.60  8.86020e-16 -9.90000e+01  4.43010e-18
    5035.60  9.23480e-16 -9.90000e+01  4.61740e-18
    5054.70  9.08090e-16 -9.90000e+01  4.54045e-18
    5073.90  9.91370e-16 -9.90000e+01  4.95685e-18
    5093.30  1.00820e-15 -9.90000e+01  5.04100e-18
    5112.80  1.03300e-15 -9.90000e+01  5.16500e-18
    5132.40  1.01340e-15 -9.90000e+01  5.06700e-18
    5152.20  1.01940e-15 -9.90000e+01  5.09700e-18
    5172.00  1.04410e-15 -9.90000e+01  5.22050e-18
    5192.10  1.06400e-15 -9.90000e+01  5.32000e-18
    5212.20  1.02960e-15 -9.90000e+01  5.14800e-18
    5232.50  9.65200e-16 -9.90000e+01  4.82600e-18
    5253.00  1.01190e-15 -9.90000e+01  5.05950e-18
    5273.60  1.02890e-15 -9.90000e+01  5.14450e-18
    5294.30  9.94830e-16 -9.90000e+01  4.97415e-18
    5315.20  9.10380e-16 -9.90000e+01  4.55190e-18
    5336.20  8.04660e-16 -9.90000e+01  4.02330e-18
    5357.40  7.62360e-16 -9.90000e+01  3.81180e-18
    5378.80  7.51920e-16 -9.90000e+01  3.75960e-18
    5400.20  7.18720e-16 -9.90000e+01  3.59360e-18
    5421.90  7.54310e-16 -9.90000e+01  3.77155e-18
    5443.70  7.52270e-16 -9.90000e+01  3.76135e-18
    5465.60  7.34570e-16 -9.90000e+01  3.67285e-18
    5487.80  7.21390e-16 -9.90000e+01  3.60695e-18
    5510.00  7.01100e-16 -9.90000e+01  3.50550e-18
    5532.50  6.65660e-16 -9.90000e+01  3.32830e-18
    5555.10  6.56210e-16 -9.90000e+01  3.28105e-18
    5577.90  6.64820e-16 -9.90000e+01  3.32410e-18
    5600.80  7.48360e-16 -9.90000e+01  3.74180e-18
    5623.90  7.67550e-16 -9.90000e+01  3.83775e-18
    5647.20  7.84030e-16 -9.90000e+01  3.92015e-18
    5670.60  7.85660e-16 -9.90000e+01  3.92830e-18
    5694.30  7.52660e-16 -9.90000e+01  3.76330e-18
    5718.10  7.77770e-16 -9.90000e+01  3.88885e-18
    5742.00  8.16010e-16 -9.90000e+01  4.08005e-18
    5766.20  8.08960e-16 -9.90000e+01  4.04480e-18
    5790.50  8.39350e-16 -9.90000e+01  4.19675e-18
    5815.10  8.24950e-16 -9.90000e+01  4.12475e-18
    5839.80  7.70920e-16 -9.90000e+01  3.85460e-18
    5864.70  7.48520e-16 -9.90000e+01  3.74260e-18
    5889.70  7.06420e-16 -9.90000e+01  3.53210e-18
    5915.00  7.43640e-16 -9.90000e+01  3.71820e-18
    5940.40  7.75470e-16 -9.90000e+01  3.87735e-18
    5966.10  7.60990e-16 -9.90000e+01  3.80495e-18
    5991.90  7.21020e-16 -9.90000e+01  3.60510e-18
    6017.90  6.85420e-16 -9.90000e+01  3.42710e-18
    6044.20  6.54330e-16 -9.90000e+01  3.27165e-18
    6070.60  6.27290e-16 -9.90000e+01  3.13645e-18
    6097.20  5.66580e-16 -9.90000e+01  2.83290e-18
    6124.00  5.39610e-16 -9.90000e+01  2.69805e-18
    6151.00  4.84760e-16 -9.90000e+01  2.42380e-18
    6178.30  4.39120e-16 -9.90000e+01  2.19560e-18
    6205.70  4.05070e-16 -9.90000e+01  2.02535e-18
    6233.30  3.77630e-16 -9.90000e+01  1.88815e-18
    6261.20  3.79800e-16 -9.90000e+01  1.89900e-18
    6289.20  4.32280e-16 -9.90000e+01  2.16140e-18
    6317.50  4.91970e-16 -9.90000e+01  2.45985e-18
    6345.90  5.37560e-16 -9.90000e+01  2.68780e-18
    6374.60  6.06370e-16 -9.90000e+01  3.03185e-18
    6403.50  6.40480e-16 -9.90000e+01  3.20240e-18
    6432.60  6.56590e-16 -9.90000e+01  3.28295e-18
    6461.90  6.53390e-16 -9.90000e+01  3.26695e-18
    6491.50  6.51630e-16 -9.90000e+01  3.25815e-18
    6521.20  6.38410e-16 -9.90000e+01  3.19205e-18
    6551.20  6.32780e-16 -9.90000e+01  3.16390e-18
    6581.40  6.33160e-16 -9.90000e+01  3.16580e-18
    6611.80  6.13070e-16 -9.90000e+01  3.06535e-18
    6642.50  5.91630e-16 -9.90000e+01  2.95815e-18
    6673.40  5.74700e-16 -9.90000e+01  2.87350e-18
    6704.50  5.77170e-16 -9.90000e+01  2.88585e-18
    6735.80  5.87180e-16 -9.90000e+01  2.93590e-18
    6767.30  5.64260e-16 -9.90000e+01  2.82130e-18
    6799.10  5.47350e-16 -9.90000e+01  2.73675e-18
    6831.20  5.33930e-16 -9.90000e+01  2.66965e-18
    6863.40  5.22630e-16 -9.90000e+01  2.61315e-18
    6895.90  5.08050e-16 -9.90000e+01  2.54025e-18
    6928.60  4.93600e-16 -9.90000e+01  2.46800e-18
    6961.60  4.67960e-16 -9.90000e+01  2.33980e-18
    6994.80  4.52880e-16 -9.90000e+01  2.26440e-18
    7028.30  4.43210e-16 -9.90000e+01  2.21605e-18
    7062.00  4.44050e-16 -9.90000e+01  2.22025e-18
    7095.90  4.31880e-16 -9.90000e+01  2.15940e-18
    7130.10  4.29900e-16 -9.90000e+01  2.14950e-18
    7164.50  4.17590e-16 -9.90000e+01  2.08795e-18
    7199.10  4.06310e-16 -9.90000e+01  2.03155e-18
    7234.10  3.97600e-16 -9.90000e+01  1.98800e-18
    7269.20  4.05980e-16 -9.90000e+01  2.02990e-18
    7304.60  4.03420e-16 -9.90000e+01  2.01710e-18
    7340.30  3.96060e-16 -9.90000e+01  1.98030e-18
    7376.20  3.94650e-16 -9.90000e+01  1.97325e-18
    7412.40  3.75980e-16 -9.90000e+01  1.87990e-18
    7448.80  3.60880e-16 -9.90000e+01  1.80440e-18
    7485.50  3.41190e-16 -9.90000e+01  1.70595e-18
    7522.40  3.31800e-16 -9.90000e+01  1.65900e-18
    7559.60  3.32650e-16 -9.90000e+01  1.66325e-18
    7597.10  3.04410e-16 -9.90000e+01  1.52205e-18
    7634.80  2.87150e-16 -9.90000e+01  1.43575e-18
    7672.80  2.82570e-16 -9.90000e+01  1.41285e-18
    7711.00  2.90790e-16 -9.90000e+01  1.45395e-18
    7749.50  2.77210e-16 -9.90000e+01  1.38605e-18
    7788.30  2.77100e-16 -9.90000e+01  1.38550e-18
    7827.30  2.81780e-16 -9.90000e+01  1.40890e-18
    7866.60  2.71720e-16 -9.90000e+01  1.35860e-18
    7906.20  2.42690e-16 -9.90000e+01  1.21345e-18
    7946.00  2.09860e-16 -9.90000e+01  1.04930e-18
    7986.10  1.79450e-16 -9.90000e+01  8.97250e-19
    8026.50  1.63240e-16 -9.90000e+01  8.16200e-19
    8067.20  1.44430e-16 -9.90000e+01  7.22150e-19
    8108.10  1.36350e-16 -9.90000e+01  6.81750e-19
    8149.30  1.45530e-16 -9.90000e+01  7.27650e-19
    8190.80  1.53220e-16 -9.90000e+01  7.66100e-19
    8232.60  1.73170e-16 -9.90000e+01  8.65850e-19
    8274.60  1.89450e-16 -9.90000e+01  9.47250e-19
    8316.90  2.02950e-16 -9.90000e+01  1.01475e-18
    8359.50  2.10840e-16 -9.90000e+01  1.05420e-18
    8402.40  2.12420e-16 -9.90000e+01  1.06210e-18
    8445.60  2.10770e-16 -9.90000e+01  1.05385e-18
    8489.00  1.97990e-16 -9.90000e+01  9.89950e-19
    8532.80  1.94320e-16 -9.90000e+01  9.71600e-19
    8576.80  2.01460e-16 -9.90000e+01  1.00730e-18
    8621.10  2.22890e-16 -9.90000e+01  1.11445e-18
    8665.70  2.32050e-16 -9.90000e+01  1.16025e-18
    8710.50  2.11270e-16 -9.90000e+01  1.05635e-18
    8755.70  2.15680e-16 -9.90000e+01  1.07840e-18
    8801.20  2.14640e-16 -9.90000e+01  1.07320e-18
    8846.90  2.23780e-16 -9.90000e+01  1.11890e-18
    8893.00  2.19790e-16 -9.90000e+01  1.09895e-18
    8939.30  1.99770e-16 -9.90000e+01  9.98850e-19
    8985.90  1.94660e-16 -9.90000e+01  9.73300e-19
    9032.90  1.90310e-16 -9.90000e+01  9.51550e-19
    9080.10  1.77850e-16 -9.90000e+01  8.89250e-19
    9127.60  1.61590e-16 -9.90000e+01  8.07950e-19
    9175.40  1.50570e-16 -9.90000e+01  7.52850e-19
# -------------------------------------- #
