# SNID:                      ZTF20aatzwgk             
# SPECTRUM_ID:               2
# SPECTRUM_MJD:              58953.46
# SPECTRUM_TELESCOPE:        P60
# SPECTRUM_INSTRUMENT:       SEDM
# SPECTRUM_TEXPOSE:          1800.0  
# SPECTRUM_STAT_SNR:         185.05  
# SPECTRUM_SYS_SNR:          200.00  
# SPECTRUM_VEXP:             1.282e-03
# SPECTRUM_NLAM:             220   
# SPECTRUM_INFILE:           ZTF20aatzwgk_58953.46_SEDM.ascii
# -------------------------------------- #
#   WAVE     FLUX        FLUX_STATERR  FLUX_SYSERR 
    3700.00  9.27300e-16  9.03936e-17  4.63650e-18
    3725.60  9.58600e-16  7.37767e-17  4.79300e-18
    3751.10  1.20400e-15  6.40859e-17  6.02000e-18
    3776.70  1.23500e-15  5.73236e-17  6.17500e-18
    3802.30  1.07300e-15  5.15364e-17  5.36500e-18
    3827.90  8.41200e-16  4.64004e-17  4.20600e-18
    3853.40  7.85300e-16  4.28952e-17  3.92650e-18
    3879.00  8.85600e-16  4.02865e-17  4.42800e-18
    3904.60  1.05200e-15  3.84187e-17  5.26000e-18
    3930.10  1.22100e-15  3.66606e-17  6.10500e-18
    3955.70  1.70400e-15  3.59166e-17  8.52000e-18
    3981.30  2.09500e-15  3.49142e-17  1.04750e-17
    4006.80  2.31300e-15  3.38674e-17  1.15650e-17
    4032.40  2.00900e-15  3.13449e-17  1.00450e-17
    4058.00  1.68700e-15  2.91136e-17  8.43500e-18
    4083.60  1.49900e-15  2.68347e-17  7.49500e-18
    4109.10  1.52500e-15  2.53791e-17  7.62500e-18
    4134.70  1.41000e-15  2.39812e-17  7.05000e-18
    4160.30  1.25500e-15  2.23540e-17  6.27500e-18
    4185.80  1.10900e-15  2.09786e-17  5.54500e-18
    4211.40  1.14100e-15  2.00125e-17  5.70500e-18
    4237.00  1.22200e-15  1.95678e-17  6.11000e-18
    4262.60  1.22200e-15  1.88441e-17  6.11000e-18
    4288.10  1.15900e-15  1.80610e-17  5.79500e-18
    4313.70  1.16000e-15  1.75841e-17  5.80000e-18
    4339.30  1.17000e-15  1.72163e-17  5.85000e-18
    4364.80  1.08300e-15  1.65560e-17  5.41500e-18
    4390.40  1.00000e-15  1.58177e-17  5.00000e-18
    4416.00  9.64700e-16  1.53395e-17  4.82350e-18
    4441.60  1.02800e-15  1.51559e-17  5.14000e-18
    4467.10  1.15800e-15  1.52774e-17  5.79000e-18
    4492.70  1.37400e-15  1.55981e-17  6.87000e-18
    4518.30  1.54900e-15  1.56621e-17  7.74500e-18
    4543.80  1.81100e-15  1.59405e-17  9.05500e-18
    4569.40  2.07000e-15  1.61988e-17  1.03500e-17
    4595.00  2.32900e-15  1.64438e-17  1.16450e-17
    4620.50  2.41700e-15  1.62819e-17  1.20850e-17
    4646.10  2.44600e-15  1.60312e-17  1.22300e-17
    4671.70  2.35100e-15  1.55499e-17  1.17550e-17
    4697.30  2.16400e-15  1.48459e-17  1.08200e-17
    4722.80  1.97700e-15  1.41351e-17  9.88500e-18
    4748.40  1.78800e-15  1.34536e-17  8.94000e-18
    4774.00  1.68600e-15  1.30231e-17  8.43000e-18
    4799.50  1.68300e-15  1.27750e-17  8.41500e-18
    4825.10  1.70700e-15  1.25300e-17  8.53500e-18
    4850.70  1.74400e-15  1.23207e-17  8.72000e-18
    4876.30  1.78500e-15  1.21408e-17  8.92500e-18
    4901.80  1.74700e-15  1.18491e-17  8.73500e-18
    4927.40  1.63300e-15  1.13930e-17  8.16500e-18
    4953.00  1.57000e-15  1.10680e-17  7.85000e-18
    4978.50  1.49200e-15  1.07005e-17  7.46000e-18
    5004.10  1.48500e-15  1.05071e-17  7.42500e-18
    5029.70  1.46600e-15  1.02762e-17  7.33000e-18
    5055.30  1.38400e-15  9.98449e-18  6.92000e-18
    5080.80  1.35300e-15  9.77497e-18  6.76500e-18
    5106.40  1.36600e-15  9.60417e-18  6.83000e-18
    5132.00  1.38300e-15  9.44458e-18  6.91500e-18
    5157.50  1.42100e-15  9.34024e-18  7.10500e-18
    5183.10  1.45500e-15  9.23742e-18  7.27500e-18
    5208.70  1.55100e-15  9.32041e-18  7.75500e-18
    5234.20  1.64800e-15  9.35361e-18  8.24000e-18
    5259.80  1.75800e-15  9.58175e-18  8.79000e-18
    5285.40  1.85800e-15  9.66385e-18  9.29000e-18
    5311.00  1.96200e-15  9.71494e-18  9.81000e-18
    5336.50  1.96900e-15  9.51473e-18  9.84500e-18
    5362.10  1.89500e-15  9.44352e-18  9.47500e-18
    5387.70  1.77700e-15  9.16133e-18  8.88500e-18
    5413.20  1.72200e-15  9.00333e-18  8.61000e-18
    5438.80  1.72100e-15  8.79943e-18  8.60500e-18
    5464.40  1.74300e-15  8.78806e-18  8.71500e-18
    5490.00  1.71800e-15  8.63771e-18  8.59000e-18
    5515.50  1.67300e-15  8.46227e-18  8.36500e-18
    5541.10  1.57200e-15  8.31986e-18  7.86000e-18
    5566.70  1.47900e-15  8.27285e-18  7.39500e-18
    5592.20  1.43300e-15  8.11727e-18  7.16500e-18
    5617.80  1.50100e-15  7.98874e-18  7.50500e-18
    5643.40  1.59200e-15  7.96555e-18  7.96000e-18
    5668.90  1.69400e-15  8.07155e-18  8.47000e-18
    5694.50  1.71600e-15  8.04177e-18  8.58000e-18
    5720.10  1.66600e-15  7.87718e-18  8.33000e-18
    5745.70  1.56800e-15  7.65245e-18  7.84000e-18
    5771.20  1.49400e-15  7.48799e-18  7.47000e-18
    5796.80  1.42100e-15  7.31574e-18  7.10500e-18
    5822.40  1.30500e-15  7.07319e-18  6.52500e-18
    5847.90  1.15900e-15  6.81982e-18  5.79500e-18
    5873.50  1.08500e-15  6.73127e-18  5.42500e-18
    5899.10  1.12200e-15  6.77348e-18  5.61000e-18
    5924.70  1.25300e-15  6.86586e-18  6.26500e-18
    5950.20  1.38500e-15  6.95342e-18  6.92500e-18
    5975.80  1.47200e-15  6.98212e-18  7.36000e-18
    6001.40  1.50800e-15  6.95485e-18  7.54000e-18
    6026.90  1.52200e-15  6.90724e-18  7.61000e-18
    6052.50  1.48600e-15  7.04628e-18  7.43000e-18
    6078.10  1.43900e-15  6.92026e-18  7.19500e-18
    6103.70  1.38300e-15  6.53223e-18  6.91500e-18
    6129.20  1.24700e-15  6.26099e-18  6.23500e-18
    6154.80  1.05400e-15  5.88388e-18  5.27000e-18
    6180.40  8.37900e-16  5.43323e-18  4.18950e-18
    6205.90  6.77700e-16  5.01896e-18  3.38850e-18
    6231.50  6.16100e-16  4.83632e-18  3.08050e-18
    6257.10  6.34600e-16  4.96991e-18  3.17300e-18
    6282.60  7.23900e-16  5.12543e-18  3.61950e-18
    6308.20  8.47100e-16  5.31507e-18  4.23550e-18
    6333.80  1.00600e-15  5.51271e-18  5.03000e-18
    6359.40  1.16400e-15  5.73934e-18  5.82000e-18
    6384.90  1.30000e-15  5.84294e-18  6.50000e-18
    6410.50  1.41600e-15  5.97662e-18  7.08000e-18
    6436.10  1.47500e-15  6.00666e-18  7.37500e-18
    6461.60  1.49700e-15  6.04318e-18  7.48500e-18
    6487.20  1.48600e-15  6.00833e-18  7.43000e-18
    6512.80  1.46100e-15  5.92453e-18  7.30500e-18
    6538.40  1.41900e-15  5.80517e-18  7.09500e-18
    6563.90  1.36200e-15  5.67274e-18  6.81000e-18
    6589.50  1.31000e-15  5.54166e-18  6.55000e-18
    6615.10  1.23700e-15  5.38052e-18  6.18500e-18
    6640.60  1.18800e-15  5.26213e-18  5.94000e-18
    6666.20  1.15900e-15  5.18170e-18  5.79500e-18
    6691.80  1.11100e-15  5.08134e-18  5.55500e-18
    6717.40  1.06000e-15  4.96286e-18  5.30000e-18
    6742.90  1.01600e-15  4.86724e-18  5.08000e-18
    6768.50  9.80500e-16  4.78748e-18  4.90250e-18
    6794.10  9.43000e-16  4.72758e-18  4.71500e-18
    6819.60  9.10800e-16  4.70000e-18  4.55400e-18
    6845.20  8.91300e-16  4.73392e-18  4.45650e-18
    6870.80  8.65000e-16  4.74552e-18  4.32500e-18
    6896.30  8.23800e-16  4.63573e-18  4.11900e-18
    6921.90  7.93500e-16  4.48219e-18  3.96750e-18
    6947.50  7.73600e-16  4.34971e-18  3.86800e-18
    6973.10  7.64100e-16  4.21900e-18  3.82050e-18
    6998.60  7.56700e-16  4.16893e-18  3.78350e-18
    7024.20  7.41300e-16  4.12674e-18  3.70650e-18
    7049.80  7.24600e-16  4.06079e-18  3.62300e-18
    7075.30  7.04500e-16  3.99375e-18  3.52250e-18
    7100.90  6.99700e-16  3.96611e-18  3.49850e-18
    7126.50  6.99200e-16  3.97366e-18  3.49600e-18
    7152.10  6.93700e-16  3.98748e-18  3.46850e-18
    7177.60  6.93900e-16  3.97492e-18  3.46950e-18
    7203.20  6.86900e-16  4.01871e-18  3.43450e-18
    7228.80  6.72500e-16  3.98999e-18  3.36250e-18
    7254.30  6.65700e-16  3.98497e-18  3.32850e-18
    7279.90  6.60500e-16  3.97995e-18  3.30250e-18
    7305.50  6.63700e-16  3.91024e-18  3.31850e-18
    7331.10  6.66400e-16  3.93065e-18  3.33200e-18
    7356.60  6.57900e-16  3.87427e-18  3.28950e-18
    7382.20  6.44600e-16  3.80657e-18  3.22300e-18
    7407.80  6.35500e-16  3.74833e-18  3.17750e-18
    7433.30  6.28000e-16  3.73095e-18  3.14000e-18
    7458.90  6.04500e-16  3.68646e-18  3.02250e-18
    7484.50  5.74500e-16  3.57491e-18  2.87250e-18
    7510.00  5.25800e-16  3.49571e-18  2.62900e-18
    7535.60  4.73600e-16  3.43802e-18  2.36800e-18
    7561.20  4.27500e-16  3.47707e-18  2.13750e-18
    7586.80  3.91700e-16  3.65240e-18  1.95850e-18
    7612.30  3.66200e-16  3.83145e-18  1.83100e-18
    7637.90  3.55500e-16  3.78550e-18  1.77750e-18
    7663.50  3.64600e-16  3.59583e-18  1.82300e-18
    7689.00  3.93900e-16  3.47563e-18  1.96950e-18
    7714.60  4.35600e-16  3.46266e-18  2.17800e-18
    7740.20  4.73900e-16  3.50571e-18  2.36950e-18
    7765.80  5.16100e-16  3.58887e-18  2.58050e-18
    7791.30  5.68800e-16  3.69459e-18  2.84400e-18
    7816.90  6.13900e-16  3.78682e-18  3.06950e-18
    7842.50  6.43800e-16  3.86005e-18  3.21900e-18
    7868.00  6.61700e-16  3.96232e-18  3.30850e-18
    7893.60  6.69400e-16  3.93954e-18  3.34700e-18
    7919.20  6.79400e-16  3.95854e-18  3.39700e-18
    7944.70  6.76100e-16  3.98372e-18  3.38050e-18
    7970.30  6.57000e-16  3.89615e-18  3.28500e-18
    7995.90  6.42900e-16  3.85487e-18  3.21450e-18
    8021.50  6.24700e-16  3.78682e-18  3.12350e-18
    8047.00  5.99700e-16  3.71618e-18  2.99850e-18
    8072.60  5.70500e-16  3.63593e-18  2.85250e-18
    8098.20  5.41400e-16  3.58190e-18  2.70700e-18
    8123.70  5.12500e-16  3.56511e-18  2.56250e-18
    8149.30  4.71600e-16  3.54401e-18  2.35800e-18
    8174.90  4.12300e-16  3.45254e-18  2.06150e-18
    8200.50  3.45100e-16  3.28938e-18  1.72550e-18
    8226.00  2.80400e-16  3.12602e-18  1.40200e-18
    8251.60  2.24500e-16  3.01397e-18  1.12250e-18
    8277.20  1.82400e-16  2.94126e-18  9.12000e-19
    8302.70  1.53000e-16  2.91668e-18  7.65000e-19
    8328.30  1.44800e-16  2.93956e-18  7.47209e-19
    8353.90  1.60400e-16  3.36601e-18  8.02000e-19
    8379.50  1.56700e-16  2.98664e-18  7.83500e-19
    8405.00  1.59800e-16  2.96699e-18  7.99000e-19
    8430.60  1.74500e-16  3.00067e-18  8.72500e-19
    8456.20  1.98700e-16  3.04943e-18  9.93500e-19
    8481.70  2.30100e-16  3.10838e-18  1.15050e-18
    8507.30  2.66600e-16  3.17175e-18  1.33300e-18
    8532.90  3.10600e-16  3.26190e-18  1.55300e-18
    8558.40  3.68700e-16  3.41760e-18  1.84350e-18
    8584.00  4.23400e-16  3.60555e-18  2.11700e-18
    8609.60  4.82800e-16  3.95095e-18  2.41400e-18
    8635.20  5.35600e-16  4.17253e-18  2.67800e-18
    8660.70  5.67600e-16  4.18569e-18  2.83800e-18
    8686.30  5.85300e-16  4.30813e-18  2.92650e-18
    8711.90  6.07900e-16  4.24735e-18  3.03950e-18
    8737.40  6.14600e-16  4.29069e-18  3.07300e-18
    8763.00  5.95400e-16  4.28952e-18  2.97700e-18
    8788.60  5.91700e-16  4.41362e-18  2.95850e-18
    8814.20  6.16600e-16  4.67547e-18  3.08300e-18
    8839.70  5.90400e-16  4.66905e-18  2.95200e-18
    8865.30  5.64200e-16  4.63465e-18  2.82100e-18
    8890.90  5.22700e-16  4.51774e-18  2.61350e-18
    8916.40  5.17400e-16  4.70425e-18  2.58700e-18
    8942.00  4.91300e-16  4.85386e-18  2.45650e-18
    8967.60  4.50700e-16  4.80625e-18  2.25350e-18
    8993.20  4.02000e-16  4.72123e-18  2.01000e-18
    9018.70  3.39900e-16  4.44072e-18  1.69950e-18
    9044.30  2.93800e-16  4.21189e-18  1.47512e-18
    9069.90  2.85600e-16  4.21545e-18  1.45886e-18
    9095.40  3.00600e-16  4.35431e-18  1.50300e-18
    9121.00  3.20100e-16  4.63573e-18  1.60050e-18
    9146.60  3.44500e-16  4.81871e-18  1.72250e-18
    9172.10  3.59800e-16  4.90816e-18  1.79900e-18
    9197.70  3.65100e-16  4.88057e-18  1.82550e-18
    9223.30  3.60600e-16  4.91528e-18  1.80300e-18
    9248.90  3.43100e-16  5.10196e-18  1.71550e-18
    9274.40  3.44600e-16  5.66304e-18  1.72300e-18
    9300.00  3.75900e-16  6.79559e-18  1.87950e-18
# -------------------------------------- #
